3313521345213333233222323312322223121233342223222232351121232331232121343222425231132323432353222332
5647566942478436876464969445631974775545947778858663954749446977584553756576839855679547564255237657
1323453342343234233123233234233233321732131232321331546642233322323841323333363321334213334253335222
4523313423434331232222332323333332233434443341341364333312342334313333322333323338342331332324334746
7352469452742223126134342343334224336235442634344428422443425426333843544453444223244422444354651513
2254244223533222222134542424764222122224225352234543633224422532474324232234242115363243422523342522
5745127246656354258454752676611822326658657444666273665255336326476424623442564676773562325567776761
4781753735344366434357735325246435464583386538335362264444635636343252337434426345525434647534444733
2228323523722385226422122215142933721423895833477228153322384385264644834155241223426335286123341243
3452563333332533333333315451322323333233533132233331573623234122332331323323733335464232264335343346
2222414441224345244433322212544342444333132413533622441534143243232433242625254243433385231332255231
1212363528222221232223212233222122472252213252521232252252321322225112112322232221322132322134322121
3223215622213122211222122322222222224422212235212222231222222212213221211221212212213233213112221232
6423236643542245242122222272632321542246221222226512322242121231425211342522222522452441532323546321
3249925837323336773135677573656587863474853775343454598728683383636935568874487662556343385935836438
6273332634772216436653553827352935462474334636639539125742664396451862379335616486554426223332348727
4444694453436342782665244777846939475677434444576566333635133442244444165541433427765655444454753345
3724154661335853639652222523253463324361245122335365213141433326223217122322322328525152876431244286
7416828637345128812345271376757255835481783716186273472242481671666526273244614764157167775281326229
3294385374644624373853643362443494344343364577434653152744239464433486851332349324534393836233474642
